02-03-2014 reports

Rhythms:

Andreas              ---     -- -- ----   -----      -- ----       --------  ----
James            -- ---      -- --  ----  -----  --   -----         --------- ---
Smith             ----   --  --    --   ---   --         --   -- ---- -- --  ----
Mark               --  --  -- -- ---      --                ---   ----- ---- ----
Connor            ---   ----   ---- ---   ------        ---         ----     -- --
Nicola            ------------------  -- -- ---            ----  -- ---   ----  --
Jonathan          -- --  ---      ------   ---  ----          ------- ---   ---
Hunter           -- ------  -----   ------ --  ---    --- ---   -- --     ----

Harmonies:
      2                    9
      2     4              9
      2     4     6        9
      2     4     6        9     11
      2     4              9     11
      2                    9     11
      2           6        9     11
      2     4     6        9     11
      2     4        7     9     11
      2     4        7     9
      2     4              9
      2              7
      2              7           11
      2              7     9     11
      2              7     9
      2        5     7     9
0     2        5     7     9
0     2              7     9
0     2        5     7     9
0     2        5           9
0     2        5           9
0     2        5     7     9
0     2              7     9
0     2                    9
0     2        5           9
               5           9
0              5           9
0     2        5           9
      2        5           9
      2        5     7     9
0     2        5     7     9
0     2              7
0     2              7        10
0     2              7        10
0     2              7

         3                    10
         3           7        10
         3           7
   1     3           7        10
   1     3     5     7        10
   1     3     5     7        10
   1     3           7        10
         3           7        10
         3           7        10
0        3     5     7        10
0              5
0                    7
0        3           7
0        3           7        10
0        3     5     7        10
0        3     5     7        10
0              5     7        10
0        3     5     7        10
         3     5     7        10
         3     5              10
         3     5     7        10
0        3     5     7        10
0        3           7        10
0                    7        10
0              5     7
0              5     7     9
0              5     7     9
0        3     5     7     9
         3           7


Number of different chords:  41
By occurences:
5 (0, 3, 5, 7, 10)
4 (0, 2, 5, 7, 9)
4 (0, 2, 5, 9)
3 (3, 7, 10)
2 (3, 5, 7, 10)
2 (0, 2, 7, 9)
2 (0, 2, 7, 10)
2 (3, 7)
2 (1, 3, 7, 10)
2 (2, 5, 7, 9)
2 (0, 2, 7)
2 (2, 4, 6, 9, 11)
2 (0, 5, 7, 9)
2 (2, 4, 9)
2 (1, 3, 5, 7, 10)
2 ()
2 (0, 3, 7, 10)
1 (5, 9)
1 (0, 5, 7)
1 (3, 5, 10)
1 (2, 5, 9)
1 (2, 9)
1 (2, 4, 7, 9, 11)
1 (3, 10)
1 (0, 3, 7)
1 (2, 6, 9, 11)
1 (2, 7, 9, 11)
1 (2, 4, 6, 9)
1 (2, 4, 7, 9)
1 (2, 7, 9)
1 (0, 2, 9)
1 (0, 3, 5, 7, 9)
1 (0, 5, 7, 10)
1 (0, 5)
1 (0, 7)
1 (2, 7, 11)
1 (0, 7, 10)
1 (2, 9, 11)
1 (2, 7)
1 (0, 5, 9)
1 (2, 4, 9, 11)

Connor's pitches:
[0, 2, 4, 5, 7, 9, 10]
C D E F G A Bb
